1
5
['1', '1']
2
1
-3249.0
-1531.0
15
410.0
300.0
15
365.0
290.0
14
1
2
179.37049096097638
597.6042558696113
2
5
-238.84271247461947
594.1320343559662
2
5
-217.77164466275354
594.6244584051412
4
8
79.51262658470768
-140.08621971351448
3
8
-1530.4873734152936
552.9137802864852
2
5
-11.487373415291643
595.9137802864868
1
5
-424.48737341529164
212.91378028648552
1
2
179.37049096097638
597.6042558696113
2
5
-238.84271247461947
594.1320343559662
2
5
-217.77164466275354
594.6244584051412
4
8
79.51262658470768
-140.08621971351448
3
8
-1530.4873734152936
552.9137802864852
2
5
-11.487373415291643
595.9137802864868
1
5
-424.48737341529164
212.91378028648552
41